00017
00311
00995
01041
01226
01241
01301
01431
01444
01492
01493
01494
01495
01516
01517
01518
01519
01545
01564
01695
01700
01701
01702
01703
01704
01715
01733
01763
01882
01906
01907
01943
01979
02005
02006
02007
02024
02025
02026
02027
02028
02029
02030
02031
02071
02080
02081
02082
02083
02084
02086
02104
02105
02112
02113
02118
02182
02185
02207
02208
02209
02210
02211
02264
02290
02293
02328
02329
02330
02355
02365
02366
02367
02368
02369
02395
02430
02431
02432
02487
02488
02489
02490
02491
02529
02530
02531
02532
02533
02538
02544
02545
02546
02558
02559
02560
02561
02562
02563
02572
02573
02681
02688
02689
02698
02700
02704
02705
02706
02707
02722
02724
02733
02754
02755
02756
02763
02766
02767
02830
02831
02834
02835
02857
02858
02859
02861
02965
02966
02967
02968
02969
02975
02977
02978
02992
03062
03189
03191
03241
03242
03245
03324
03489
03519
03520
03521
03523
03530
03603
03605
